Simple pass K-Means magic




Cluster 0
DATASET
[[0.11669645 0.06839322 0.23654236 0.4482238 ]
 [0.08281491 0.04572669 0.17066824 0.58779407]
 [0.05921214 0.03733803 0.1174453  0.68371406]
 ...
 [0.08352332 0.05411222 0.26132466 0.45891579]
 [0.05183824 0.04258099 0.19952691 0.65075577]
 [0.07475655 0.02614068 0.0963631  0.59324923]]


Cluster Features 0
SS = [  68.53163471   26.85812914  277.74784831 3497.61260311]
LS = [ 696.11604806  484.06359959 1539.81069966 5652.30479841]
N = 9746




Cluster 1
DATASET
[[0.4782407  0.53057937 0.62681845 0.02761677]
 [0.21477447 0.12060324 0.36067416 0.34515286]
 [0.14350237 0.08249487 0.28598462 0.2601432 ]
 ...
 [0.21571204 0.18538938 0.44559432 0.14615297]
 [0.35232583 0.29995007 0.60691898 0.09239686]
 [0.55441499 0.20672824 0.37492608 0.31196727]]


Cluster Features 1
SS = [ 663.96196042  212.46955086 1391.68194729  636.35954454]
LS = [2126.88032433 1161.00114024 3429.69419159 2285.90714362]
N = 9274
