Simple pass K-Means Examplemagic




Cluster 0
DATASET
[[0.11669645 0.06839322 0.23654236 0.4482238 ]
 [0.08281491 0.04572669 0.17066824 0.58779407]
 [0.05921214 0.03733803 0.1174453  0.68371406]
 ...
 [0.11826392 0.06769001 0.26298048 0.31208092]
 [0.05183824 0.04258099 0.19952691 0.65075577]
 [0.07475655 0.02614068 0.0963631  0.59324923]]


Cluster Features 0
SS = [  99.32848989   33.36175711  351.83514087 3643.0343415 ]
LS = [ 851.92431103  568.70892766 1832.78195927 6064.35707708]
N = 10933




Cluster 1
DATASET
[[0.4782407  0.53057937 0.62681845 0.02761677]
 [0.27872389 0.18143434 0.65425784 0.07364473]
 [0.2648091  0.28036992 0.5638971  0.07375838]
 ...
 [0.21571204 0.18538938 0.44559432 0.14615297]
 [0.35232583 0.29995007 0.60691898 0.09239686]
 [0.55441499 0.20672824 0.37492608 0.31196727]]


Cluster Features 1
SS = [ 633.16510525  205.96592289 1317.59465473  490.93780614]
LS = [1971.07206136 1076.35581217 3136.72293198 1873.85486495]
N = 8087
