The Leader magic




Cluster 0
DATASET
[[0.11669645 0.06839322 0.23654236 0.4482238 ]
 [0.08281491 0.04572669 0.17066824 0.58779407]
 [0.4782407  0.53057937 0.62681845 0.02761677]
 ...
 [0.11826392 0.06769001 0.26298048 0.31208092]
 [0.05183824 0.04258099 0.19952691 0.65075577]
 [0.07475655 0.02614068 0.0963631  0.59324923]]


Cluster Features 0
SS = [ 343.12593169   98.1337564  1195.62581334 4047.61689249]
LS = [1963.9687171  1151.01583546 3980.54134897 7542.01203295]
N = 16827




Cluster 1
DATASET
[[0.30648831 0.20299397 0.69065642 0.06352995]
 [0.29303245 0.14815939 0.62217623 0.09796568]
 [0.22495654 0.13484956 0.60866351 0.09921582]
 ...
 [0.21571204 0.18538938 0.44559432 0.14615297]
 [0.35232583 0.29995007 0.60691898 0.09239686]
 [0.55441499 0.20672824 0.37492608 0.31196727]]


Cluster Features 1
SS = [389.36766345 141.1939236  473.80398226  86.35525515]
LS = [859.02765529 494.04890437 988.96354228 396.19990908]
N = 2193
