BIRCH german




Cluster 0
DATASET
[[0.52566667 0.24857353 0.63625    0.16874176]
 [0.         0.29411765 1.         0.05494505]
 [0.         0.08823529 1.         0.10989011]
 [0.         0.05882353 1.         0.05494505]
 [0.         0.11764706 1.         0.07142857]
 [0.         0.11764706 1.         0.06593407]
 [0.         0.08823529 1.         0.1043956 ]
 [0.         0.11764706 1.         0.1043956 ]
 [0.         0.11764706 1.         0.18131868]
 [0.         0.02941176 1.         0.03846154]
 [0.         0.07352941 1.         0.06043956]
 [0.         0.02941176 1.         0.00549451]
 [0.         0.25       1.         0.02197802]
 [0.         0.02941176 1.         0.02747253]
 [0.         0.20588235 1.         0.28021978]
 [0.         0.08823529 1.         0.04395604]
 [0.         0.05882353 1.         0.17582418]
 [0.         0.02941176 1.         0.17582418]
 [0.         0.02941176 1.         0.0989011 ]
 [0.         0.20588235 1.         0.05494505]
 [0.         0.02941176 1.         0.09340659]
 [0.         0.10294118 1.         0.2032967 ]
 [0.         0.16176471 1.         0.07142857]
 [0.         0.11764706 1.         0.1043956 ]
 [0.         0.02941176 1.         0.02197802]
 [0.         0.02941176 1.         0.06593407]
 [0.         0.07352941 1.         0.14285714]
 [0.         0.11764706 1.         0.10989011]
 [0.         0.11764706 1.         0.01098901]
 [0.         0.02941176 1.         0.19230769]
 [0.         0.20588235 1.         0.09340659]
 [0.         0.11764706 1.         0.25274725]
 [0.         0.16176471 1.         0.04395604]
 [0.         0.02941176 1.         0.24725275]
 [0.         0.07352941 1.         0.04945055]
 [0.         0.13235294 1.         0.08791209]
 [0.         0.11764706 1.         0.02747253]
 [0.         0.20588235 1.         0.1043956 ]
 [0.         0.23529412 1.         0.22527473]
 [0.         0.05882353 1.         0.02747253]
 [0.         0.25       1.         0.07692308]
 [0.         0.20588235 1.         0.20879121]
 [0.         0.29411765 1.         0.15384615]
 [0.         0.23529412 1.         0.10989011]
 [0.         0.29411765 1.         0.06593407]
 [0.         0.33823529 1.         0.12087912]
 [0.         0.11764706 1.         0.10989011]
 [0.         0.17647059 1.         0.13186813]
 [0.         0.20588235 1.         0.04395604]
 [0.         0.11764706 0.75       0.06043956]
 [0.         0.29411765 1.         0.05494505]
 [0.         0.10294118 1.         0.2032967 ]
 [0.         0.16176471 1.         0.06593407]]


Cluster Features 0
SS = [ 0.27632544  1.37147738 51.96731406  0.80962944]
LS = [ 0.52566667  7.21916176 52.38625     5.48192857]
N = 53




Cluster 1
DATASET
[[0.33333333 0.64705882 0.5        0.31868132]
 [0.33333333 0.47058824 0.5        0.36813187]
 [0.         0.64705882 0.5        0.22527473]
 [0.         0.47058824 0.5        0.0989011 ]
 [0.         0.55882353 0.5        0.20879121]
 [0.33333333 0.47058824 0.5        0.11538462]
 [0.33333333 0.47058824 0.5        0.25274725]
 [0.33333333 0.64705882 0.25       0.18681319]
 [0.33333333 0.60294118 0.5        0.15384615]
 [0.33333333 0.64705882 0.5        0.15934066]
 [0.         0.64705882 0.5        0.25274725]
 [0.33333333 0.64705882 0.5        0.28571429]
 [0.         0.47058824 0.5        0.17582418]
 [0.         0.47058824 0.5        0.16483516]
 [0.         0.47058824 0.5        0.08791209]
 [0.         0.47058824 0.5        0.18681319]
 [0.         0.47058824 0.5        0.29120879]
 [0.         0.47058824 0.5        0.11538462]
 [0.33333333 0.47058824 0.5        0.11538462]
 [0.33333333 0.64705882 0.5        0.20879121]
 [0.33333333 0.47058824 0.5        0.12087912]
 [0.33333333 0.47058824 0.5        0.13736264]
 [0.         0.64705882 0.5        0.15934066]
 [0.         0.64705882 0.5        0.2032967 ]
 [0.         0.47058824 0.5        0.13736264]
 [0.         0.47058824 0.5        0.27472527]
 [0.33333333 0.47058824 0.5        0.19230769]
 [0.         0.47058824 0.5        0.20879121]
 [0.         0.60294118 0.5        0.08791209]]


Cluster Features 1
SS = [1.44444444 8.57223183 7.0625     1.18645091]
LS = [ 4.33333333 15.58823529 14.25        5.49450549]
N = 29




Cluster 2
DATASET
[[1.         0.11764706 1.         0.1043956 ]
 [1.         0.29411765 1.         0.12087912]
 [1.         0.07352941 1.         0.1043956 ]
 [1.         0.08823529 1.         0.1043956 ]
 [1.         0.11764706 1.         0.06043956]
 [1.         0.10294118 1.         0.06593407]
 [1.         0.10294118 1.         0.38461538]
 [1.         0.04411765 1.         0.02747253]
 [1.         0.11764706 1.         0.06593407]
 [1.         0.11764706 1.         0.02197802]
 [1.         0.11764706 1.         0.03296703]
 [0.66666667 0.29411765 1.         0.18681319]
 [1.         0.11764706 1.         0.0989011 ]
 [1.         0.02941176 0.75       0.03846154]
 [1.         0.29411765 1.         0.2032967 ]
 [0.66666667 0.08823529 1.         0.03296703]
 [1.         0.11764706 1.         0.05494505]
 [1.         0.25       1.         0.11538462]
 [1.         0.11764706 1.         0.02747253]
 [1.         0.20588235 1.         0.07692308]
 [1.         0.02941176 1.         0.09340659]
 [1.         0.29411765 1.         0.14835165]
 [1.         0.20588235 1.         0.04945055]
 [1.         0.29411765 1.         0.1978022 ]
 [1.         0.16176471 1.         0.06593407]
 [1.         0.02941176 1.         0.06593407]
 [1.         0.07352941 1.         0.03846154]
 [1.         0.11764706 1.         0.07142857]
 [1.         0.11764706 1.         0.09340659]
 [1.         0.07352941 1.         0.15934066]
 [1.         0.29411765 0.75       0.15384615]
 [1.         0.         1.         0.07142857]
 [1.         0.11764706 1.         0.06043956]
 [1.         0.11764706 1.         0.05494505]
 [1.         0.11764706 1.         0.02747253]
 [1.         0.29411765 0.75       0.21978022]
 [1.         0.29411765 1.         0.13736264]
 [1.         0.10294118 1.         0.05494505]
 [1.         0.11764706 1.         0.13736264]
 [1.         0.08823529 1.         0.05494505]
 [1.         0.11764706 1.         0.06593407]
 [1.         0.20588235 1.         0.12087912]
 [1.         0.16176471 1.         0.17582418]
 [1.         0.16176471 1.         0.07142857]
 [0.66666667 0.29411765 1.         0.06043956]
 [1.         0.11764706 1.         0.02747253]
 [1.         0.20588235 1.         0.04395604]
 [1.         0.11764706 1.         0.30769231]
 [1.         0.20588235 1.         0.09340659]
 [1.         0.16176471 1.         0.07142857]
 [1.         0.02941176 0.75       0.08241758]
 [1.         0.20588235 1.         0.16483516]
 [1.         0.11764706 1.         0.11538462]
 [0.66666667 0.11764706 0.75       0.10989011]
 [1.         0.20588235 1.         0.1978022 ]
 [1.         0.20588235 1.         0.32417582]
 [1.         0.08823529 1.         0.1043956 ]
 [1.         0.20588235 0.75       0.11538462]
 [1.         0.04411765 0.75       0.03296703]
 [1.         0.02941176 1.         0.01098901]
 [1.         0.20588235 1.         0.10989011]
 [1.         0.07352941 1.         0.12087912]
 [1.         0.29411765 1.         0.07142857]
 [1.         0.14705882 0.75       0.03296703]
 [1.         0.29411765 1.         0.10989011]
 [0.66666667 0.11764706 1.         0.03846154]
 [1.         0.11764706 1.         0.11538462]
 [1.         0.25       0.75       0.07692308]
 [1.         0.35294118 1.         0.13736264]
 [1.         0.20588235 1.         0.04945055]
 [1.         0.29411765 1.         0.1043956 ]
 [1.         0.29411765 1.         0.06043956]
 [1.         0.07352941 1.         0.05494505]
 [1.         0.16176471 0.75       0.04395604]
 [1.         0.11764706 1.         0.05494505]
 [1.         0.11764706 1.         0.09340659]
 [1.         0.02941176 1.         0.05494505]
 [1.         0.29411765 1.         0.07692308]
 [0.66666667 0.02941176 1.         0.06043956]
 [0.66666667 0.16176471 1.         0.12087912]
 [1.         0.02941176 1.         0.02747253]
 [1.         0.16176471 1.         0.07142857]
 [1.         0.         1.         0.07142857]
 [1.         0.11764706 0.75       0.07142857]
 [0.66666667 0.25       1.         0.11538462]
 [1.         0.29411765 0.75       0.0989011 ]
 [1.         0.11764706 1.         0.06043956]
 [1.         0.29411765 1.         0.0989011 ]
 [1.         0.11764706 1.         0.04395604]
 [0.66666667 0.02941176 0.75       0.02747253]
 [1.         0.29411765 1.         0.13186813]
 [1.         0.16176471 1.         0.14285714]
 [1.         0.29411765 1.         0.09340659]
 [1.         0.20588235 1.         0.14285714]
 [1.         0.29411765 0.75       0.2032967 ]
 [1.         0.20588235 0.75       0.08791209]
 [1.         0.20588235 1.         0.07142857]
 [1.         0.29411765 1.         0.09340659]
 [1.         0.29411765 1.         0.11538462]
 [0.66666667 0.02941176 1.         0.04395604]
 [1.         0.29411765 1.         0.21428571]
 [1.         0.02941176 1.         0.1043956 ]
 [1.         0.25       0.75       0.13186813]
 [1.         0.16176471 0.75       0.07142857]
 [0.66666667 0.08823529 1.         0.06043956]
 [1.         0.11764706 1.         0.03846154]
 [1.         0.20588235 1.         0.08791209]
 [1.         0.20588235 1.         0.02197802]
 [0.66666667 0.29411765 1.         0.15934066]
 [1.         0.02941176 1.         0.        ]
 [1.         0.16176471 1.         0.06043956]
 [0.66666667 0.29411765 1.         0.06043956]
 [1.         0.         1.         0.17582418]
 [1.         0.02941176 1.         0.36263736]
 [1.         0.11764706 0.75       0.07692308]
 [0.66666667 0.02941176 1.         0.06043956]
 [0.66666667 0.16176471 1.         0.06043956]
 [1.         0.16176471 1.         0.26373626]
 [1.         0.29411765 1.         0.12637363]
 [1.         0.11764706 1.         0.08241758]
 [1.         0.25       1.         0.17032967]
 [1.         0.29411765 1.         0.10989011]
 [0.66666667 0.11764706 1.         0.07142857]
 [1.         0.29411765 1.         0.09340659]
 [1.         0.02941176 1.         0.05494505]
 [1.         0.11764706 1.         0.06043956]
 [1.         0.29411765 0.75       0.02747253]
 [1.         0.29411765 1.         0.07692308]
 [1.         0.11764706 1.         0.04395604]
 [1.         0.11764706 1.         0.03846154]
 [1.         0.02941176 1.         0.07692308]
 [1.         0.20588235 1.         0.1978022 ]
 [1.         0.29411765 0.75       0.12087912]
 [1.         0.29411765 1.         0.13186813]
 [1.         0.25       0.75       0.15384615]
 [1.         0.29411765 1.         0.20879121]
 [1.         0.16176471 1.         0.07142857]
 [1.         0.16176471 1.         0.17032967]
 [1.         0.20588235 0.75       0.10989011]
 [1.         0.11764706 1.         0.17032967]
 [0.66666667 0.02941176 1.         0.06043956]
 [1.         0.20588235 1.         0.04945055]
 [1.         0.16176471 1.         0.08791209]
 [1.         0.20588235 1.         0.05494505]
 [1.         0.11764706 1.         0.07692308]
 [1.         0.23529412 1.         0.18131868]
 [1.         0.16176471 0.75       0.18681319]
 [1.         0.20588235 1.         0.08791209]
 [1.         0.07352941 1.         0.05494505]
 [1.         0.11764706 1.         0.01648352]
 [1.         0.         1.         0.07142857]
 [1.         0.02941176 1.         0.08241758]
 [1.         0.29411765 0.75       0.12637363]
 [1.         0.29411765 1.         0.0989011 ]
 [1.         0.11764706 1.         0.18681319]]


Cluster Features 2
SS = [145.55555556   5.46128893 144.5          2.17461659]
LS = [149.33333333  25.30882353 149.          15.38461538]
N = 155




Cluster 3
DATASET
[[1.         0.29411765 0.5        0.14285714]
 [1.         0.11764706 0.5        0.15934066]
 [1.         0.29411765 0.5        0.17582418]
 [0.66666667 0.11764706 0.5        0.07142857]
 [0.66666667 0.20588235 0.5        0.1043956 ]
 [0.66666667 0.08823529 0.5        0.05494505]
 [1.         0.38235294 0.5        0.11538462]
 [1.         0.47058824 0.5        0.11538462]
 [1.         0.11764706 0.5        0.1043956 ]
 [1.         0.11764706 0.5        0.06043956]
 [1.         0.20588235 0.5        0.17582418]
 [0.66666667 0.20588235 0.5        0.0989011 ]
 [1.         0.29411765 0.5        0.16483516]
 [1.         0.33823529 0.5        0.27472527]
 [1.         0.11764706 0.5        0.10989011]
 [1.         0.47058824 0.5        0.08791209]
 [1.         0.47058824 0.5        0.12087912]
 [1.         0.29411765 0.5        0.31318681]
 [1.         0.16176471 0.5        0.05494505]
 [1.         0.20588235 0.5        0.07692308]
 [1.         0.29411765 0.5        0.07142857]
 [1.         0.11764706 0.5        0.12087912]
 [0.66666667 0.16176471 0.5        0.01098901]
 [1.         0.11764706 0.5        0.08791209]
 [1.         0.16176471 0.5        0.13736264]
 [1.         0.20588235 0.5        0.0989011 ]
 [0.66666667 0.11764706 0.5        0.09340659]
 [0.66666667 0.02941176 0.5        0.02747253]
 [1.         0.02941176 0.5        0.06043956]
 [1.         0.08823529 0.5        0.09340659]
 [1.         0.16176471 0.5        0.06043956]
 [1.         0.47058824 0.5        0.03846154]
 [1.         0.02941176 0.5        0.15384615]
 [1.         0.29411765 0.5        0.20879121]
 [1.         0.11764706 0.5        0.03296703]
 [1.         0.11764706 0.5        0.0989011 ]
 [1.         0.29411765 0.5        0.24175824]
 [1.         0.02941176 0.5        0.1043956 ]
 [1.         0.11764706 0.5        0.06593407]
 [0.66666667 0.47058824 0.5        0.2032967 ]
 [1.         0.08823529 0.5        0.06593407]
 [1.         0.11764706 0.5        0.02747253]
 [1.         0.16176471 0.5        0.24725275]
 [1.         0.07352941 0.5        0.07142857]
 [1.         0.07352941 0.5        0.12637363]
 [1.         0.11764706 0.5        0.1043956 ]
 [1.         0.02941176 0.5        0.07692308]
 [1.         0.29411765 0.5        0.06043956]
 [0.66666667 0.29411765 0.5        0.09340659]
 [1.         0.20588235 0.5        0.01098901]
 [0.66666667 0.11764706 0.5        0.11538462]
 [1.         0.16176471 0.5        0.1978022 ]
 [1.         0.29411765 0.5        0.07142857]
 [1.         0.29411765 0.5        0.04395604]
 [1.         0.20588235 0.5        0.13736264]
 [1.         0.07352941 0.5        0.13736264]
 [1.         0.02941176 0.5        0.24175824]
 [1.         0.29411765 0.5        0.09340659]
 [1.         0.11764706 0.5        0.07692308]
 [1.         0.11764706 0.5        0.04945055]
 [1.         0.11764706 0.5        0.24725275]
 [1.         0.08823529 0.5        0.06043956]
 [1.         0.20588235 0.5        0.12637363]
 [1.         0.02941176 0.5        0.02747253]
 [1.         0.02941176 0.5        0.07142857]
 [1.         0.29411765 0.5        0.29120879]
 [0.66666667 0.29411765 0.5        0.19230769]
 [0.66666667 0.         0.5        0.07142857]
 [1.         0.29411765 0.5        0.07142857]
 [0.66666667 0.08823529 0.5        0.2032967 ]
 [1.         0.07352941 0.5        0.05494505]
 [1.         0.08823529 0.5        0.02747253]
 [1.         0.11764706 0.5        0.03296703]
 [0.66666667 0.11764706 0.5        0.17582418]
 [1.         0.02941176 0.5        0.08791209]
 [1.         0.11764706 0.5        0.07142857]
 [1.         0.26470588 0.5        0.06043956]
 [0.66666667 0.11764706 0.5        0.06043956]
 [1.         0.20588235 0.5        0.04945055]
 [1.         0.07352941 0.5        0.06593407]
 [1.         0.20588235 0.5        0.08791209]
 [1.         0.20588235 0.5        0.07142857]
 [1.         0.29411765 0.5        0.16483516]
 [1.         0.08823529 0.5        0.07692308]
 [1.         0.25       0.5        0.14285714]
 [1.         0.16176471 0.5        0.16483516]
 [1.         0.07352941 0.5        0.06043956]
 [1.         0.01470588 0.5        0.17582418]
 [1.         0.02941176 0.5        0.02747253]
 [1.         0.11764706 0.5        0.09340659]
 [1.         0.11764706 0.5        0.02747253]
 [0.66666667 0.11764706 0.5        0.06593407]
 [1.         0.02941176 0.5        0.01648352]
 [1.         0.29411765 0.5        0.13736264]
 [1.         0.29411765 0.5        0.13736264]
 [1.         0.20588235 0.5        0.24175824]
 [1.         0.20588235 0.5        0.0989011 ]
 [1.         0.02941176 0.5        0.05494505]
 [0.66666667 0.29411765 0.5        0.27472527]
 [1.         0.11764706 0.5        0.15934066]
 [1.         0.29411765 0.5        0.1978022 ]
 [1.         0.08823529 0.5        0.06593407]
 [1.         0.02941176 0.5        0.18131868]
 [0.66666667 0.07352941 0.5        0.04945055]
 [1.         0.08823529 0.5        0.06043956]
 [1.         0.29411765 0.5        0.06593407]
 [0.66666667 0.16176471 0.5        0.13736264]
 [1.         0.29411765 0.5        0.11538462]
 [1.         0.29411765 0.5        0.18131868]
 [1.         0.29411765 0.5        0.06043956]
 [1.         0.29411765 0.5        0.15934066]
 [0.66666667 0.20588235 0.5        0.15384615]
 [0.66666667 0.20588235 0.5        0.14835165]
 [1.         0.29411765 0.5        0.07692308]
 [1.         0.29411765 0.5        0.28571429]
 [1.         0.29411765 0.5        0.03846154]
 [1.         0.07352941 0.5        0.06593407]
 [1.         0.11764706 0.5        0.1043956 ]
 [1.         0.25       0.5        0.07692308]
 [0.66666667 0.08823529 0.5        0.06043956]
 [1.         0.20588235 0.5        0.1043956 ]
 [1.         0.16176471 0.5        0.06043956]
 [0.66666667 0.08823529 0.5        0.05494505]
 [1.         0.11764706 0.5        0.02197802]
 [1.         0.16176471 0.5        0.0989011 ]
 [0.66666667 0.02941176 0.5        0.1043956 ]
 [1.         0.07352941 0.5        0.1978022 ]
 [1.         0.07352941 0.5        0.0989011 ]
 [1.         0.11764706 0.5        0.06593407]
 [1.         0.29411765 0.5        0.06593407]
 [1.         0.11764706 0.5        0.07142857]
 [1.         0.16176471 0.5        0.24175824]
 [1.         0.11764706 0.5        0.06593407]
 [0.66666667 0.29411765 0.5        0.03846154]
 [0.66666667 0.11764706 0.5        0.06043956]
 [1.         0.25       0.5        0.10989011]
 [1.         0.20588235 0.5        0.07142857]
 [1.         0.02941176 0.5        0.07142857]
 [1.         0.11764706 0.5        0.11538462]
 [1.         0.07352941 0.5        0.14285714]
 [1.         0.29411765 0.5        0.11538462]
 [1.         0.02941176 0.5        0.05494505]
 [0.66666667 0.16176471 0.5        0.09340659]
 [1.         0.11764706 0.5        0.04945055]
 [0.66666667 0.29411765 0.5        0.06593407]
 [1.         0.16176471 0.5        0.28021978]
 [1.         0.25       0.5        0.12637363]
 [1.         0.20588235 0.5        0.07142857]
 [1.         0.33823529 0.5        0.13186813]
 [1.         0.29411765 0.5        0.13186813]
 [1.         0.25       0.5        0.16483516]
 [1.         0.25       0.5        0.27472527]
 [1.         0.16176471 0.5        0.15384615]
 [1.         0.29411765 0.5        0.06593407]
 [1.         0.08823529 0.5        0.14835165]
 [1.         0.26470588 0.5        0.13736264]
 [1.         0.29411765 0.5        0.33516484]
 [0.66666667 0.29411765 0.5        0.14835165]
 [1.         0.29411765 0.5        0.15934066]
 [1.         0.07352941 0.5        0.11538462]
 [1.         0.02941176 0.5        0.06043956]
 [1.         0.11764706 0.5        0.04945055]
 [0.66666667 0.11764706 0.5        0.15384615]
 [0.66666667 0.16176471 0.5        0.11538462]
 [1.         0.11764706 0.5        0.03846154]
 [1.         0.         0.5        0.02197802]
 [1.         0.20588235 0.5        0.09340659]
 [1.         0.20588235 0.5        0.17582418]
 [1.         0.20588235 0.5        0.36263736]
 [1.         0.29411765 0.5        0.05494505]
 [1.         0.29411765 0.5        0.07142857]
 [1.         0.08823529 0.5        0.03846154]
 [1.         0.07352941 0.5        0.18681319]
 [1.         0.08823529 0.5        0.10989011]
 [1.         0.16176471 0.5        0.10989011]
 [1.         0.16176471 0.5        0.03846154]
 [1.         0.16176471 0.5        0.10989011]
 [1.         0.16176471 0.5        0.06593407]
 [1.         0.29411765 0.5        0.06043956]
 [1.         0.10294118 0.5        0.1043956 ]
 [1.         0.08823529 0.5        0.14285714]
 [1.         0.38235294 0.5        0.09340659]
 [0.66666667 0.07352941 0.5        0.02747253]
 [1.         0.11764706 0.5        0.18131868]
 [1.         0.08823529 0.5        0.07142857]
 [1.         0.29411765 0.5        0.03846154]
 [1.         0.11764706 0.5        0.14835165]
 [1.         0.20588235 0.5        0.07142857]
 [1.         0.29411765 0.5        0.18681319]
 [1.         0.16176471 0.5        0.18681319]
 [1.         0.29411765 0.5        0.12087912]
 [1.         0.16176471 0.5        0.18681319]
 [0.66666667 0.29411765 0.5        0.06043956]
 [0.66666667 0.25       0.5        0.14835165]
 [1.         0.13235294 0.5        0.06593407]
 [1.         0.11764706 0.5        0.12087912]
 [1.         0.11764706 0.5        0.08241758]
 [1.         0.11764706 0.5        0.03296703]]


Cluster Features 3
SS = [179.11111111   8.30514706  49.5          3.32496075]
LS = [186.66666667  34.95588235  99.          21.93406593]
N = 198




Cluster 4
DATASET
[[0.33333333 0.11764706 1.         0.08791209]
 [0.33333333 0.20588235 0.75       0.32967033]
 [0.33333333 0.29411765 0.75       0.11538462]
 [0.33333333 0.33823529 0.75       0.31868132]
 [0.33333333 0.47058824 0.75       0.10989011]
 [0.33333333 0.16176471 1.         0.07142857]
 [0.33333333 0.10294118 0.75       0.25274725]
 [0.33333333 0.20588235 1.         0.06043956]
 [0.33333333 0.47058824 1.         0.11538462]
 [0.33333333 0.07352941 1.         0.09340659]
 [0.33333333 0.02941176 0.75       0.06593407]
 [0.33333333 0.11764706 1.         0.12087912]
 [0.33333333 0.11764706 1.         0.09340659]
 [0.33333333 0.16176471 1.         0.13736264]
 [0.33333333 0.29411765 1.         0.09340659]
 [0.33333333 0.29411765 0.75       0.1043956 ]
 [0.33333333 0.20588235 1.         0.03846154]
 [0.33333333 0.17647059 1.         0.05494505]
 [0.33333333 0.07352941 1.         0.07142857]
 [0.33333333 0.20588235 0.75       0.22527473]
 [0.33333333 0.11764706 1.         0.06593407]
 [0.66666667 0.38235294 0.75       0.09340659]
 [0.33333333 0.02941176 1.         0.03846154]
 [0.33333333 0.29411765 1.         0.2032967 ]
 [0.33333333 0.25       1.         0.13736264]
 [0.33333333 0.38235294 1.         0.21978022]
 [0.33333333 0.13235294 1.         0.03846154]
 [0.33333333 0.07352941 1.         0.04945055]
 [0.33333333 0.16176471 1.         0.11538462]
 [0.33333333 0.20588235 1.         0.09340659]
 [0.33333333 0.20588235 0.75       0.14835165]
 [0.33333333 0.11764706 1.         0.04395604]
 [0.33333333 0.23529412 0.75       0.13186813]
 [0.33333333 0.16176471 0.75       0.07142857]
 [0.33333333 0.20588235 1.         0.05494505]
 [0.33333333 0.11764706 1.         0.18681319]
 [0.33333333 0.02941176 0.75       0.05494505]
 [0.33333333 0.29411765 1.         0.05494505]
 [0.33333333 0.11764706 0.75       0.02197802]
 [0.33333333 0.20588235 1.         0.18681319]
 [0.33333333 0.11764706 1.         0.0989011 ]
 [0.33333333 0.20588235 1.         0.09340659]
 [0.33333333 0.29411765 0.75       0.24725275]
 [0.33333333 0.29411765 0.75       0.07692308]
 [0.33333333 0.47058824 1.         0.14285714]
 [0.33333333 0.20588235 1.         0.04945055]
 [0.33333333 0.11764706 1.         0.15934066]
 [0.33333333 0.29411765 0.75       0.0989011 ]
 [0.33333333 0.25       1.         0.19230769]
 [0.33333333 0.02941176 0.75       0.04395604]
 [0.66666667 0.38235294 1.         0.15384615]
 [0.33333333 0.47058824 0.75       0.14835165]
 [0.33333333 0.38235294 0.75       0.12637363]
 [0.33333333 0.29411765 0.75       0.34065934]
 [0.33333333 0.11764706 1.         0.18681319]
 [0.33333333 0.20588235 1.         0.08791209]
 [0.33333333 0.10294118 1.         0.06043956]
 [0.33333333 0.38235294 1.         0.10989011]
 [0.33333333 0.29411765 1.         0.14285714]
 [0.33333333 0.29411765 1.         0.24725275]
 [0.33333333 0.38235294 0.75       0.09340659]
 [0.33333333 0.20588235 1.         0.18681319]
 [0.33333333 0.07352941 1.         0.05494505]
 [0.33333333 0.25       0.75       0.12087912]
 [0.33333333 0.33823529 1.         0.12637363]
 [0.33333333 0.20588235 0.75       0.12087912]
 [0.33333333 0.29411765 1.         0.08241758]]


Cluster Features 4
SS = [ 8.11111111  4.16176471 56.5         1.33806304]
LS = [23.         14.79411765 61.          8.16483516]
N = 67




Cluster 5
DATASET
[[0.33333333 0.11764706 0.5        0.06043956]
 [0.33333333 0.11764706 0.5        0.07692308]
 [0.33333333 0.04411765 0.5        0.12087912]
 [0.33333333 0.20588235 0.5        0.09340659]
 [0.33333333 0.20588235 0.5        0.31318681]
 [0.33333333 0.07352941 0.5        0.01648352]
 [0.33333333 0.11764706 0.5        0.05494505]
 [0.33333333 0.11764706 0.5        0.34615385]
 [0.33333333 0.07352941 0.5        0.06593407]
 [0.33333333 0.11764706 0.5        0.04395604]
 [0.33333333 0.38235294 0.5        0.1978022 ]
 [0.33333333 0.11764706 0.5        0.06043956]
 [0.33333333 0.20588235 0.5        0.13186813]
 [0.33333333 0.11764706 0.5        0.32417582]
 [0.33333333 0.14705882 0.5        0.06593407]
 [0.33333333 0.20588235 0.5        0.33516484]
 [0.33333333 0.20588235 0.5        0.09340659]
 [0.33333333 0.11764706 0.5        0.02197802]
 [0.33333333 0.11764706 0.5        0.03296703]
 [0.33333333 0.29411765 0.5        0.18131868]
 [0.33333333 0.08823529 0.5        0.39010989]
 [0.33333333 0.10294118 0.5        0.07692308]
 [0.33333333 0.05882353 0.5        0.06593407]
 [0.33333333 0.07352941 0.25       0.26923077]
 [0.33333333 0.33823529 0.5        0.2032967 ]
 [0.33333333 0.11764706 0.5        0.04395604]
 [0.33333333 0.29411765 0.5        0.14285714]
 [0.33333333 0.11764706 0.5        0.02197802]
 [0.33333333 0.20588235 0.5        0.03846154]
 [0.33333333 0.25       0.5        0.14285714]
 [0.33333333 0.38235294 0.5        0.10989011]
 [0.33333333 0.07352941 0.5        0.0989011 ]
 [0.33333333 0.16176471 0.5        0.03296703]
 [0.33333333 0.11764706 0.5        0.04945055]
 [0.33333333 0.05882353 0.5        0.05494505]
 [0.33333333 0.07352941 0.5        0.00549451]
 [0.33333333 0.11764706 0.5        0.02747253]
 [0.33333333 0.29411765 0.5        0.23076923]
 [0.33333333 0.02941176 0.5        0.04945055]
 [0.33333333 0.13235294 0.5        0.1043956 ]
 [0.33333333 0.08823529 0.5        0.07142857]
 [0.33333333 0.20588235 0.5        0.16483516]
 [0.33333333 0.20588235 0.5        0.23076923]
 [0.33333333 0.29411765 0.5        0.1978022 ]
 [0.33333333 0.07352941 0.5        0.04395604]
 [0.33333333 0.29411765 0.5        0.05494505]
 [0.33333333 0.20588235 0.5        0.05494505]
 [0.33333333 0.20588235 0.5        0.15384615]
 [0.33333333 0.11764706 0.5        0.04395604]
 [0.33333333 0.11764706 0.5        0.05494505]
 [0.33333333 0.29411765 0.5        0.0989011 ]
 [0.33333333 0.29411765 0.5        0.0989011 ]
 [0.33333333 0.20588235 0.5        0.04395604]
 [0.33333333 0.11764706 0.5        0.0989011 ]
 [0.33333333 0.11764706 0.5        0.14285714]
 [0.33333333 0.20588235 0.5        0.14285714]
 [0.33333333 0.11764706 0.5        0.07142857]
 [0.33333333 0.04411765 0.5        0.13186813]
 [0.33333333 0.11764706 0.5        0.15384615]
 [0.33333333 0.11764706 0.5        0.03296703]
 [0.33333333 0.29411765 0.5        0.15934066]
 [0.33333333 0.11764706 0.5        0.04395604]
 [0.33333333 0.29411765 0.5        0.05494505]
 [0.33333333 0.02941176 0.5        0.01098901]
 [0.33333333 0.20588235 0.5        0.06043956]
 [0.33333333 0.20588235 0.5        0.04945055]
 [0.33333333 0.16176471 0.5        0.13186813]
 [0.33333333 0.11764706 0.5        0.07142857]
 [0.33333333 0.07352941 0.5        0.05494505]
 [0.33333333 0.11764706 0.5        0.06043956]
 [0.33333333 0.07352941 0.5        0.04945055]
 [0.33333333 0.11764706 0.5        0.14835165]
 [0.33333333 0.29411765 0.5        0.13736264]
 [0.33333333 0.02941176 0.25       0.03846154]
 [0.33333333 0.04411765 0.5        0.11538462]
 [0.33333333 0.07352941 0.5        0.03846154]
 [0.33333333 0.38235294 0.5        0.17582418]
 [0.33333333 0.07352941 0.25       0.06593407]
 [0.33333333 0.16176471 0.5        0.06593407]
 [0.33333333 0.29411765 0.5        0.06593407]
 [0.33333333 0.16176471 0.5        0.06043956]
 [0.33333333 0.11764706 0.5        0.09340659]
 [0.33333333 0.11764706 0.5        0.03846154]
 [0.33333333 0.16176471 0.5        0.13186813]
 [0.33333333 0.29411765 0.5        0.14835165]
 [0.33333333 0.11764706 0.5        0.04945055]
 [0.33333333 0.33823529 0.5        0.12637363]
 [0.33333333 0.07352941 0.5        0.05494505]
 [0.33333333 0.07352941 0.5        0.1043956 ]
 [0.33333333 0.02941176 0.25       0.01098901]
 [0.33333333 0.07352941 0.5        0.03296703]
 [0.33333333 0.05882353 0.5        0.03296703]
 [0.33333333 0.08823529 0.25       0.04395604]
 [0.33333333 0.11764706 0.5        0.03296703]
 [0.33333333 0.11764706 0.5        0.05494505]
 [0.33333333 0.20588235 0.5        0.2032967 ]
 [0.33333333 0.11764706 0.5        0.03296703]
 [0.33333333 0.23529412 0.5        0.34615385]
 [0.33333333 0.20588235 0.5        0.09340659]
 [0.33333333 0.25       0.5        0.05494505]
 [0.33333333 0.07352941 0.5        0.07142857]
 [0.33333333 0.11764706 0.5        0.4010989 ]
 [0.33333333 0.02941176 0.5        0.02197802]
 [0.33333333 0.05882353 0.5        0.03846154]
 [0.33333333 0.02941176 0.5        0.01648352]
 [0.33333333 0.29411765 0.5        0.26923077]
 [0.33333333 0.25       0.5        0.20879121]
 [0.33333333 0.29411765 0.5        0.21428571]
 [0.33333333 0.07352941 0.5        0.16483516]
 [0.33333333 0.38235294 0.5        0.15384615]
 [0.33333333 0.11764706 0.5        0.0989011 ]
 [0.33333333 0.07352941 0.5        0.08241758]
 [0.33333333 0.02941176 0.5        0.1043956 ]
 [0.33333333 0.29411765 0.5        0.21428571]
 [0.33333333 0.29411765 0.5        0.15934066]
 [0.33333333 0.02941176 0.5        0.01648352]
 [0.33333333 0.38235294 0.5        0.08241758]
 [0.33333333 0.16176471 0.5        0.07142857]
 [0.33333333 0.02941176 0.5        0.03296703]
 [0.33333333 0.16176471 0.25       0.06043956]]


Cluster Features 5
SS = [13.33333333  4.07807093 28.875       2.21676126]
LS = [40.         18.92647059 58.5        12.71428571]
N = 120




Cluster 6
DATASET
[[0.33333333 0.47058824 0.         0.0989011 ]
 [0.33333333 0.20588235 0.         0.16483516]
 [0.33333333 0.47058824 0.         0.1978022 ]
 [0.33333333 0.33823529 0.         0.44505495]
 [0.33333333 0.16176471 0.25       0.36263736]
 [0.33333333 0.20588235 0.         0.11538462]
 [0.33333333 0.29411765 0.         0.21978022]
 [0.33333333 0.29411765 0.25       0.08791209]
 [0.33333333 0.38235294 0.         0.21978022]
 [0.33333333 0.38235294 0.25       0.18131868]
 [0.33333333 0.11764706 0.         0.15384615]
 [0.33333333 0.23529412 0.         0.32417582]
 [0.33333333 0.47058824 0.25       0.20879121]
 [0.33333333 0.38235294 0.         0.22527473]
 [0.33333333 0.11764706 0.         0.06593407]
 [0.33333333 0.16176471 0.         0.08791209]]


Cluster Features 6
SS = [1.77777778 1.61051038 0.25       0.79135974]
LS = [5.33333333 4.69117647 1.         3.15934066]
N = 16




Cluster 7
DATASET
[[0.33333333 0.29411765 0.5        0.68131868]
 [0.33333333 0.47058824 0.5        0.68131868]
 [0.33333333 0.64705882 0.5        0.59340659]
 [0.33333333 0.02941176 0.5        0.79120879]
 [0.33333333 0.47058824 0.5        0.50549451]
 [0.33333333 0.64705882 0.5        0.53846154]
 [0.33333333 0.47058824 0.5        0.77472527]
 [0.33333333 0.20588235 0.5        0.7032967 ]
 [0.33333333 0.51470588 0.75       0.63736264]
 [0.33333333 0.29411765 0.5        0.60989011]
 [0.33333333 0.47058824 0.5        0.48351648]
 [0.33333333 0.32352941 0.5        0.42857143]
 [0.33333333 0.47058824 0.5        0.67032967]
 [0.33333333 0.47058824 0.75       0.53296703]
 [0.33333333 0.29411765 0.5        0.62637363]
 [0.33333333 0.64705882 0.5        0.85164835]
 [0.         0.02941176 0.5        0.80769231]]


Cluster Features 7
SS = [1.77777778 3.25800173 4.875      7.24589422]
LS = [ 5.33333333  6.75        9.         10.91758242]
N = 17




Cluster 8
DATASET
[[1.         0.02941176 0.         0.01098901]
 [0.66666667 0.11764706 0.25       0.01098901]
 [1.         0.02941176 0.25       0.03296703]
 [1.         0.20588235 0.25       0.34615385]
 [1.         0.11764706 0.25       0.17582418]
 [1.         0.02941176 0.         0.05494505]
 [0.66666667 0.20588235 0.25       0.06593407]
 [0.66666667 0.11764706 0.25       0.02197802]
 [1.         0.11764706 0.         0.14285714]
 [1.         0.02941176 0.25       0.08791209]
 [1.         0.25       0.         0.26373626]
 [0.66666667 0.07352941 0.         0.06043956]
 [1.         0.20588235 0.         0.21978022]
 [1.         0.29411765 0.25       0.07692308]
 [1.         0.16176471 0.25       0.07692308]]


Cluster Features 8
SS = [12.77777778  0.36656574  0.5625      0.32139838]
LS = [13.66666667  1.98529412  2.25        1.64835165]
N = 15




Cluster 9
DATASET
[[0.         0.29411765 0.75       0.25824176]
 [0.         0.38235294 1.         0.32967033]
 [0.         0.64705882 1.         0.32417582]
 [0.         0.47058824 1.         0.32967033]
 [0.         0.42647059 1.         0.22527473]
 [0.         0.47058824 0.75       0.36813187]
 [0.         0.47058824 1.         0.28571429]
 [0.         0.38235294 1.         0.57142857]
 [0.         0.29411765 1.         0.34065934]
 [0.         0.29411765 1.         0.35164835]
 [0.         0.47058824 1.         0.11538462]
 [0.         0.20588235 0.75       0.45604396]
 [0.         0.55882353 1.         0.17582418]
 [0.         0.55882353 0.75       0.23076923]
 [0.         0.64705882 1.         0.33516484]
 [0.         0.51470588 1.         0.76923077]
 [0.         0.47058824 1.         0.43406593]
 [0.         0.52941176 1.         0.31868132]
 [0.         0.47058824 1.         0.51648352]
 [0.         0.47058824 0.75       0.1043956 ]]


Cluster Features 9
SS = [ 0.          4.33347751 17.8125      2.80041662]
LS = [ 0.          9.02941176 18.75        6.84065934]
N = 20




Cluster 10
DATASET
[[0.33333333 0.64705882 0.         0.78021978]
 [0.33333333 0.73529412 0.         0.86263736]
 [0.33333333 0.64705882 0.25       0.65934066]
 [0.33333333 0.82352941 0.25       0.8021978 ]
 [0.33333333 0.64705882 0.         0.65934066]
 [0.33333333 0.82352941 0.5        0.75824176]
 [0.33333333 0.64705882 0.         1.        ]]


Cluster Features 10
SS = [0.77777778 3.57179931 0.375      4.44079821]
LS = [2.33333333 4.97058824 1.         5.52197802]
N = 7




Cluster 11
DATASET
[[1.         0.73529412 0.         0.50549451]
 [1.         0.38235294 0.25       0.4010989 ]
 [1.         0.47058824 0.         0.13186813]
 [1.         0.64705882 0.25       0.18681319]
 [1.         0.35294118 0.25       0.41758242]]


Cluster Features 11
SS = [5.         1.45155709 0.1875     0.64306847]
LS = [5.         2.58823529 0.75       1.64285714]
N = 5




Cluster 12
DATASET
[[0.         0.11764706 0.         0.04945055]
 [0.         0.11764706 0.25       0.00549451]
 [0.         0.16176471 0.         0.04395604]
 [0.         0.25       0.25       0.07692308]
 [0.         0.20588235 0.         0.15934066]
 [0.         0.11764706 0.25       0.1043956 ]
 [0.         0.47058824 0.25       0.13736264]
 [0.         0.29411765 0.         0.21428571]
 [0.         0.11764706 0.         0.32967033]
 [0.         0.20588235 0.         0.15934066]
 [0.         0.11764706 0.25       0.02197802]
 [0.         0.29411765 0.25       0.18681319]
 [0.         0.29411765 0.25       0.07142857]
 [0.         0.29411765 0.25       0.06593407]
 [0.         0.29411765 0.25       0.14285714]
 [0.         0.29411765 0.25       0.18681319]
 [0.         0.20588235 0.25       0.07692308]
 [0.         0.02941176 0.25       0.05494505]
 [0.         0.29411765 0.25       0.11538462]
 [0.         0.29411765 0.25       0.12637363]
 [0.         0.11764706 0.         0.04945055]
 [0.         0.20588235 0.25       0.06593407]
 [0.         0.20588235 0.25       0.09340659]
 [0.         0.29411765 0.25       0.16483516]
 [0.         0.29411765 0.25       0.36813187]
 [0.         0.11764706 0.25       0.02747253]
 [0.         0.29411765 0.25       0.17032967]
 [0.         0.29411765 0.25       0.05494505]]


Cluster Features 12
SS = [0.         1.65787197 1.3125     0.5948255 ]
LS = [0.         6.29411765 5.25       3.32417582]
N = 28




Cluster 13
DATASET
[[0.33333333 0.38235294 1.         0.27472527]
 [0.33333333 0.55882353 1.         0.31868132]
 [0.33333333 0.23529412 0.75       0.37912088]
 [0.33333333 0.29411765 1.         0.64285714]
 [0.33333333 0.29411765 1.         0.41758242]
 [0.33333333 0.29411765 0.75       0.37362637]
 [0.33333333 0.29411765 1.         0.3021978 ]
 [0.33333333 0.20588235 1.         0.3956044 ]
 [0.33333333 0.20588235 1.         0.34065934]
 [0.33333333 0.51470588 1.         0.25824176]
 [0.33333333 0.47058824 1.         0.30769231]
 [0.33333333 0.38235294 1.         0.45054945]]


Cluster Features 13
SS = [ 1.33333333  1.57720588 11.125       1.77623475]
LS = [ 4.          4.13235294 11.5         4.46153846]
N = 12




Cluster 14
DATASET
[[0.         0.16176471 0.5        0.06593407]
 [0.         0.29411765 0.5        0.06043956]
 [0.         0.02941176 0.5        0.13186813]
 [0.         0.02941176 0.5        0.06593407]
 [0.         0.29411765 0.5        0.20879121]
 [0.         0.02941176 0.5        0.06593407]
 [0.         0.29411765 0.5        0.08791209]
 [0.         0.08823529 0.5        0.11538462]
 [0.         0.20588235 0.5        0.10989011]
 [0.         0.11764706 0.5        0.08241758]
 [0.         0.25       0.5        0.08791209]
 [0.         0.11764706 0.5        0.02747253]
 [0.         0.33823529 0.5        0.17582418]
 [0.         0.20588235 0.5        0.12637363]
 [0.         0.11764706 0.5        0.06043956]
 [0.         0.20588235 0.5        0.04945055]
 [0.         0.25       0.75       0.17582418]
 [0.         0.11764706 0.5        0.13186813]
 [0.         0.11764706 0.5        0.02747253]
 [0.         0.11764706 0.5        0.05494505]
 [0.         0.11764706 0.5        0.03846154]
 [0.         0.29411765 0.5        0.35164835]
 [0.         0.29411765 0.5        0.15384615]
 [0.         0.11764706 0.5        0.05494505]
 [0.         0.11764706 0.5        0.42307692]
 [0.         0.29411765 0.5        0.15934066]
 [0.         0.29411765 0.5        0.08791209]
 [0.         0.38235294 0.5        0.12637363]
 [0.         0.29411765 0.5        0.03846154]
 [0.         0.11764706 0.5        0.08241758]
 [0.         0.29411765 0.5        0.07692308]
 [0.         0.14705882 0.5        0.48351648]
 [0.         0.11764706 0.5        0.06043956]
 [0.         0.29411765 0.75       0.04395604]
 [0.         0.11764706 0.5        0.02747253]
 [0.         0.11764706 0.5        0.02747253]
 [0.         0.16176471 0.75       0.18681319]
 [0.         0.29411765 0.5        0.09340659]
 [0.         0.29411765 0.5        0.14835165]
 [0.         0.20588235 0.5        0.13736264]
 [0.         0.16176471 0.5        0.06043956]
 [0.         0.29411765 0.5        0.21978022]
 [0.         0.25       0.5        0.18681319]
 [0.         0.38235294 0.5        0.12087912]
 [0.         0.20588235 0.5        0.12637363]
 [0.         0.20588235 0.5        0.18681319]
 [0.         0.23529412 0.5        0.10989011]
 [0.         0.11764706 0.5        0.13186813]
 [0.         0.16176471 0.5        0.04945055]
 [0.         0.29411765 0.5        0.06593407]
 [0.         0.11764706 0.5        0.13186813]
 [0.         0.07352941 0.5        0.1043956 ]
 [0.         0.11764706 0.5        0.07692308]
 [0.         0.29411765 0.5        0.25274725]
 [0.         0.11764706 0.5        0.17582418]
 [0.         0.02941176 0.5        0.00549451]
 [0.         0.16176471 0.5        0.08241758]
 [0.         0.29411765 0.5        0.14835165]
 [0.         0.29411765 0.75       0.08241758]
 [0.         0.02941176 0.5        0.01098901]
 [0.         0.07352941 0.5        0.02747253]
 [0.         0.38235294 0.5        0.18681319]
 [0.         0.29411765 0.5        0.15384615]
 [0.         0.29411765 0.5        0.15934066]
 [0.         0.29411765 0.5        0.05494505]
 [0.         0.11764706 0.5        0.03296703]
 [0.         0.02941176 0.5        0.05494505]
 [0.         0.20588235 0.5        0.16483516]
 [0.         0.02941176 0.5        0.02747253]
 [0.         0.02941176 0.5        0.06593407]
 [0.         0.29411765 0.75       0.06043956]
 [0.         0.29411765 0.5        0.15384615]
 [0.         0.11764706 0.5        0.06593407]
 [0.         0.29411765 0.5        0.16483516]
 [0.         0.16176471 0.5        0.03296703]
 [0.         0.20588235 0.5        0.0989011 ]
 [0.         0.11764706 0.5        0.06043956]
 [0.         0.20588235 0.5        0.05494505]
 [0.         0.29411765 0.5        0.06593407]
 [0.         0.11764706 0.5        0.02747253]
 [0.         0.25       0.5        0.17582418]
 [0.         0.11764706 0.5        0.09340659]
 [0.         0.20588235 0.5        0.13186813]
 [0.         0.29411765 0.5        0.19230769]
 [0.         0.20588235 0.5        0.03296703]
 [0.         0.11764706 0.5        0.02747253]
 [0.         0.29411765 0.5        0.11538462]
 [0.         0.14705882 0.5        0.20879121]
 [0.         0.11764706 0.5        0.03846154]
 [0.         0.29411765 0.5        0.12087912]
 [0.         0.11764706 0.5        0.19230769]
 [0.         0.11764706 0.5        0.05494505]
 [0.         0.20588235 0.5        0.09340659]
 [0.         0.29411765 0.5        0.0989011 ]
 [0.         0.20588235 0.5        0.23076923]
 [0.         0.16176471 0.5        0.12637363]
 [0.         0.11764706 0.5        0.06043956]
 [0.         0.02941176 0.5        0.01098901]
 [0.         0.20588235 0.5        0.04395604]
 [0.         0.29411765 0.5        0.06043956]
 [0.         0.11764706 0.5        0.10989011]
 [0.         0.38235294 0.5        0.15934066]
 [0.         0.29411765 0.5        0.14285714]
 [0.         0.29411765 0.5        0.06593407]
 [0.         0.20588235 0.5        0.18131868]
 [0.         0.20588235 0.5        0.4010989 ]
 [0.         0.20588235 0.5        0.06043956]
 [0.         0.20588235 0.5        0.05494505]
 [0.         0.07352941 0.5        0.06593407]
 [0.         0.11764706 0.5        0.02747253]
 [0.         0.16176471 0.5        0.20879121]
 [0.         0.29411765 0.5        0.12087912]
 [0.         0.20588235 0.5        0.12087912]
 [0.         0.11764706 0.5        0.02747253]
 [0.         0.11764706 0.5        0.18681319]
 [0.         0.07352941 0.5        0.06593407]
 [0.         0.11764706 0.5        0.03296703]
 [0.         0.25       0.5        0.13186813]
 [0.         0.20588235 0.5        0.21978022]
 [0.         0.11764706 0.5        0.04945055]
 [0.         0.25       0.5        0.1978022 ]
 [0.         0.29411765 0.5        0.12087912]
 [0.         0.29411765 0.5        0.17032967]
 [0.         0.07352941 0.5        0.06593407]
 [0.         0.29411765 0.5        0.08241758]
 [0.         0.11764706 0.5        0.07142857]
 [0.         0.16176471 0.5        0.08791209]
 [0.         0.11764706 0.5        0.09340659]
 [0.         0.35294118 0.5        0.20879121]
 [0.         0.29411765 0.5        0.35164835]
 [0.         0.20588235 0.5        0.09340659]
 [0.         0.38235294 0.5        0.2032967 ]]


Cluster Features 14
SS = [ 0.          6.21042388 34.5625      2.5980256 ]
LS = [ 0.         25.83823529 67.25       15.04945055]
N = 132




Cluster 15
DATASET
[[1.         0.64705882 1.         0.32417582]
 [1.         0.47058824 1.         0.51648352]
 [1.         0.47058824 1.         0.42307692]
 [1.         0.64705882 1.         0.18681319]
 [1.         0.33823529 0.75       0.26923077]
 [1.         0.47058824 1.         0.17032967]
 [1.         0.47058824 1.         0.33516484]
 [0.66666667 0.55882353 1.         0.25274725]
 [1.         0.64705882 1.         0.40659341]
 [1.         0.47058824 0.75       0.23626374]
 [1.         0.38235294 0.75       0.22527473]
 [1.         0.29411765 0.75       0.46153846]
 [1.         0.42647059 1.         0.39010989]
 [1.         0.47058824 1.         0.30769231]
 [1.         0.47058824 1.         0.5989011 ]
 [1.         0.42647059 0.75       0.14285714]
 [1.         0.29411765 0.75       0.24725275]
 [1.         0.47058824 1.         0.37912088]
 [1.         0.29411765 1.         0.29120879]
 [1.         0.64705882 1.         0.47802198]
 [1.         0.38235294 1.         0.31868132]
 [1.         0.29411765 1.         0.23626374]
 [1.         0.55882353 1.         0.20879121]
 [1.         0.29411765 1.         0.33516484]
 [1.         0.38235294 1.         0.23626374]
 [1.         0.29411765 1.         0.27472527]
 [1.         0.29411765 1.         0.26923077]
 [1.         0.38235294 1.         0.40659341]
 [1.         0.38235294 1.         0.15934066]
 [1.         0.38235294 1.         0.30769231]
 [1.         0.25       1.         0.68681319]
 [1.         0.47058824 1.         0.18131868]
 [1.         0.47058824 1.         0.3021978 ]
 [1.         0.64705882 1.         0.14285714]
 [1.         0.29411765 1.         0.30769231]
 [1.         0.33823529 1.         0.23626374]
 [1.         0.38235294 1.         0.35714286]
 [1.         0.47058824 1.         0.35164835]
 [1.         0.47058824 1.         0.56593407]
 [1.         0.47058824 0.75       0.23626374]
 [1.         0.29411765 1.         0.36263736]
 [0.66666667 0.38235294 1.         0.19230769]
 [1.         0.38235294 1.         0.14285714]]


Cluster Features 15
SS = [41.88888889  8.34623702 39.9375      4.87797367]
LS = [42.33333333 18.33823529 41.25       13.46153846]
N = 43




Cluster 16
DATASET
[[1.         0.47058824 0.5        0.48901099]
 [1.         0.47058824 0.5        0.43406593]
 [1.         0.82352941 0.5        0.54395604]
 [1.         0.33823529 0.75       0.46153846]
 [0.66666667 0.47058824 0.5        0.30769231]
 [1.         0.47058824 0.75       0.51648352]
 [1.         0.47058824 0.5        0.1978022 ]
 [0.66666667 0.47058824 0.5        0.21978022]
 [1.         0.38235294 0.5        0.25274725]
 [0.66666667 0.47058824 0.5        0.23626374]
 [1.         0.47058824 0.5        0.15934066]
 [1.         0.64705882 0.75       0.38461538]
 [1.         0.51470588 0.5        0.13186813]
 [1.         0.51470588 0.5        0.46153846]
 [1.         0.47058824 0.5        0.24725275]
 [1.         0.47058824 0.5        0.17032967]
 [1.         0.64705882 0.5        0.2032967 ]
 [1.         0.47058824 0.75       0.42857143]
 [1.         0.64705882 0.5        0.54945055]
 [1.         0.47058824 0.5        0.3021978 ]
 [1.         0.82352941 0.5        0.56043956]
 [1.         0.82352941 0.5        0.34615385]
 [1.         0.47058824 0.75       0.58791209]
 [1.         0.47058824 0.5        0.3956044 ]
 [1.         0.47058824 0.75       0.41208791]
 [1.         0.47058824 0.5        0.18681319]
 [1.         0.29411765 0.5        0.41758242]
 [1.         0.29411765 0.5        0.5       ]
 [1.         0.47058824 0.75       0.47802198]
 [1.         0.47058824 0.5        0.59340659]
 [1.         0.55882353 0.5        0.38461538]
 [1.         0.29411765 0.5        0.3956044 ]
 [1.         0.64705882 0.5        0.25274725]]


Cluster Features 16
SS = [31.33333333  9.05774221 10.4375      5.13120396]
LS = [32.         16.72058824 18.25       12.20879121]
N = 33




Cluster 17
DATASET
[[0.         0.38235294 0.         0.43406593]
 [0.         0.33823529 0.         0.28021978]
 [0.         0.64705882 0.         0.24175824]
 [0.         0.64705882 0.25       0.41208791]
 [0.         0.64705882 0.         0.37912088]
 [0.         0.38235294 0.         0.24175824]
 [0.         0.60294118 0.         0.63736264]]


Cluster Features 17
SS = [0.         2.02638408 0.0625     1.10361068]
LS = [0.         3.64705882 0.25       2.62637363]
N = 7




Cluster 18
DATASET
[[0.         0.82352941 0.75       0.36263736]
 [0.33333333 0.60294118 1.         0.24725275]
 [0.33333333 0.64705882 0.5        0.45604396]
 [0.33333333 0.47058824 0.75       0.23626374]
 [0.33333333 0.82352941 0.75       0.3956044 ]
 [0.33333333 0.64705882 0.75       0.40659341]
 [0.33333333 0.82352941 0.5        0.3956044 ]
 [0.33333333 0.64705882 1.         0.26923077]
 [0.33333333 0.82352941 0.75       0.49450549]
 [0.33333333 0.47058824 0.75       0.43406593]
 [0.33333333 1.         0.5        0.2967033 ]
 [0.33333333 0.64705882 0.5        0.35164835]
 [0.33333333 0.64705882 0.75       0.32967033]
 [0.33333333 0.47058824 0.75       0.3956044 ]
 [0.33333333 0.64705882 0.75       0.35714286]
 [0.33333333 0.82352941 0.5        0.33516484]
 [0.33333333 0.60294118 1.         0.24175824]]


Cluster Features 18
SS = [1.77777778 8.29455017 9.3125     2.21540273]
LS = [ 5.33333333 11.61764706 12.25        6.00549451]
N = 17




Cluster 19
DATASET
[[0.         0.55882353 0.5        0.42307692]
 [0.         0.29411765 0.5        0.41208791]
 [0.         0.55882353 0.5        0.38461538]
 [0.         0.38235294 0.5        0.64835165]
 [0.         0.63235294 0.5        0.57692308]
 [0.         0.64705882 0.5        0.41758242]
 [0.         0.38235294 0.5        0.34065934]
 [0.         0.64705882 0.5        0.37362637]
 [0.         0.64705882 0.5        0.36263736]
 [0.         0.64705882 0.5        0.4010989 ]
 [0.         0.47058824 0.5        0.5       ]
 [0.         0.47058824 0.5        0.86263736]
 [0.         0.47058824 0.5        0.44505495]
 [0.         0.64705882 0.5        0.55494505]
 [0.         0.82352941 0.5        0.39010989]
 [0.         0.47058824 0.5        0.43956044]]


Cluster Features 19
SS = [0.         5.0607699  4.         3.81792658]
LS = [0.         8.75       8.         7.53296703]
N = 16




Cluster 20
DATASET
[[1.         0.64705882 1.         0.54395604]
 [1.         0.64705882 1.         0.62637363]
 [1.         0.82352941 1.         0.74725275]
 [1.         0.82352941 0.75       0.85164835]
 [1.         0.64705882 0.75       0.68681319]]


Cluster Features 20
SS = [5.         2.61245675 4.125      2.44363603]
LS = [5.         3.58823529 4.5        3.45604396]
N = 5




Cluster 21
DATASET
[[0.33333333 0.64705882 0.         0.1978022 ]
 [0.33333333 0.64705882 0.25       0.34065934]
 [0.33333333 0.55882353 0.25       0.5       ]
 [0.33333333 0.64705882 0.         0.45054945]]


Cluster Features 21
SS = [0.44444444 1.5683391  0.125      0.6081693 ]
LS = [1.33333333 2.5        0.5        1.48901099]
N = 4




Cluster 22
DATASET
[[0.66666667 0.55882353 0.         0.33516484]]


Cluster Features 22
SS = [0.44444444 0.31228374 0.         0.11233547]
LS = [0.66666667 0.55882353 0.         0.33516484]
N = 1
