Simple pass K-Means german




Cluster 0
DATASET
[[1.         0.11764706 1.         0.1043956 ]
 [1.         0.47058824 0.5        0.48901099]
 [1.         0.29411765 0.5        0.14285714]
 ...
 [1.         0.11764706 0.5        0.12087912]
 [1.         0.11764706 0.5        0.08241758]
 [1.         0.11764706 0.5        0.03296703]]


Cluster Features 0
SS = [422.          36.20566609 250.8125      19.06158676]
LS = [436.         104.80882353 316.75        70.31868132]
N = 457




Cluster 1
DATASET
[[0.52566667 0.24857353 0.63625    0.16874176]
 [0.33333333 0.64705882 0.5        0.31868132]
 [0.         0.55882353 0.5        0.42307692]
 ...
 [0.         0.38235294 0.5        0.2032967 ]
 [0.         0.60294118 0.5        0.08791209]
 [0.33333333 0.60294118 1.         0.24175824]]


Cluster Features 1
SS = [ 30.16521433  57.06049122 226.65481406  33.51117515]
LS = [ 90.19233333 143.98386765 319.13625     98.53687363]
N = 543
