Simple pass K-Means Examplegerman




Cluster 0
DATASET
[[0.52566667 0.24857353 0.63625    0.16874176]
 [1.         0.11764706 1.         0.1043956 ]
 [0.33333333 0.38235294 1.         0.27472527]
 ...
 [1.         0.11764706 0.5        0.12087912]
 [1.         0.11764706 0.5        0.08241758]
 [1.         0.11764706 0.5        0.03296703]]


Cluster Features 0
SS = [357.831881    22.32130437 345.84231406   9.54221004]
LS = [401.859      104.27798529 443.88625     64.76764286]
N = 658




Cluster 1
DATASET
[[0.33333333 0.64705882 0.5        0.31868132]
 [0.         0.55882353 0.5        0.42307692]
 [0.         0.29411765 0.75       0.25824176]
 ...
 [0.         0.38235294 0.5        0.2032967 ]
 [0.         0.60294118 0.5        0.08791209]
 [0.33333333 0.60294118 1.         0.24175824]]


Cluster Features 1
SS = [ 94.33333333  70.94485294 131.625       43.03055187]
LS = [124.33333333 144.51470588 192.         104.08791209]
N = 342
